2018/03/12-23:29:37.083396 7f912b0bba00 RocksDB version: 5.10.0
2018/03/12-23:29:37.083456 7f912b0bba00 Git sha rocksdb_build_git_sha:@f6156fb558441387b398b00f8244a50e92e875ef@
2018/03/12-23:29:37.083459 7f912b0bba00 Compile date Mar 12 2018
2018/03/12-23:29:37.083462 7f912b0bba00 DB SUMMARY
2018/03/12-23:29:37.083507 7f912b0bba00 CURRENT file:  CURRENT
2018/03/12-23:29:37.083509 7f912b0bba00 IDENTITY file:  IDENTITY
2018/03/12-23:29:37.083513 7f912b0bba00 MANIFEST file:  MANIFEST-000014 size: 348 Bytes
2018/03/12-23:29:37.083516 7f912b0bba00 SST files in test.rdb dir, Total Num: 4, files: 000004.sst 000007.sst 000010.sst 000013.sst 
2018/03/12-23:29:37.083517 7f912b0bba00 Write Ahead Log file in test.rdb: 000015.log size: 56 ; 
2018/03/12-23:29:37.083520 7f912b0bba00                         Options.error_if_exists: 0
2018/03/12-23:29:37.083522 7f912b0bba00                       Options.create_if_missing: 1
2018/03/12-23:29:37.083523 7f912b0bba00                         Options.paranoid_checks: 1
2018/03/12-23:29:37.083524 7f912b0bba00                                     Options.env: 0x7f912aeb0d20
2018/03/12-23:29:37.083525 7f912b0bba00                                Options.info_log: 0x55ea22c8bd80
2018/03/12-23:29:37.083527 7f912b0bba00                Options.max_file_opening_threads: 16
2018/03/12-23:29:37.083528 7f912b0bba00                              Options.statistics: (nil)
2018/03/12-23:29:37.083529 7f912b0bba00                               Options.use_fsync: 0
2018/03/12-23:29:37.083531 7f912b0bba00                       Options.max_log_file_size: 0
2018/03/12-23:29:37.083532 7f912b0bba00                  Options.max_manifest_file_size: 18446744073709551615
2018/03/12-23:29:37.083533 7f912b0bba00                   Options.log_file_time_to_roll: 0
2018/03/12-23:29:37.083534 7f912b0bba00                       Options.keep_log_file_num: 1000
2018/03/12-23:29:37.083535 7f912b0bba00                    Options.recycle_log_file_num: 0
2018/03/12-23:29:37.083537 7f912b0bba00                         Options.allow_fallocate: 1
2018/03/12-23:29:37.083538 7f912b0bba00                        Options.allow_mmap_reads: 0
2018/03/12-23:29:37.083539 7f912b0bba00                       Options.allow_mmap_writes: 0
2018/03/12-23:29:37.083540 7f912b0bba00                        Options.use_direct_reads: 0
2018/03/12-23:29:37.083541 7f912b0bba00                        Options.use_direct_io_for_flush_and_compaction: 0
2018/03/12-23:29:37.083542 7f912b0bba00          Options.create_missing_column_families: 0
2018/03/12-23:29:37.083544 7f912b0bba00                              Options.db_log_dir: 
2018/03/12-23:29:37.083545 7f912b0bba00                                 Options.wal_dir: test.rdb
2018/03/12-23:29:37.083546 7f912b0bba00                Options.table_cache_numshardbits: 6
2018/03/12-23:29:37.083547 7f912b0bba00                      Options.max_subcompactions: 1
2018/03/12-23:29:37.083548 7f912b0bba00                  Options.max_background_flushes: -1
2018/03/12-23:29:37.083549 7f912b0bba00                         Options.WAL_ttl_seconds: 0
2018/03/12-23:29:37.083550 7f912b0bba00                       Options.WAL_size_limit_MB: 0
2018/03/12-23:29:37.083552 7f912b0bba00             Options.manifest_preallocation_size: 4194304
2018/03/12-23:29:37.083553 7f912b0bba00                     Options.is_fd_close_on_exec: 1
2018/03/12-23:29:37.083554 7f912b0bba00                   Options.advise_random_on_open: 1
2018/03/12-23:29:37.083555 7f912b0bba00                    Options.db_write_buffer_size: 0
2018/03/12-23:29:37.083556 7f912b0bba00                    Options.write_buffer_manager: 0x55ea22c71440
2018/03/12-23:29:37.083557 7f912b0bba00         Options.access_hint_on_compaction_start: 1
2018/03/12-23:29:37.083558 7f912b0bba00  Options.new_table_reader_for_compaction_inputs: 0
2018/03/12-23:29:37.083559 7f912b0bba00           Options.random_access_max_buffer_size: 1048576
2018/03/12-23:29:37.083561 7f912b0bba00                      Options.use_adaptive_mutex: 0
2018/03/12-23:29:37.083562 7f912b0bba00                            Options.rate_limiter: (nil)
2018/03/12-23:29:37.083563 7f912b0bba00     Options.sst_file_manager.rate_bytes_per_sec: 0
2018/03/12-23:29:37.083572 7f912b0bba00                       Options.wal_recovery_mode: 2
2018/03/12-23:29:37.083574 7f912b0bba00                  Options.enable_thread_tracking: 0
2018/03/12-23:29:37.083575 7f912b0bba00                  Options.enable_pipelined_write: 0
2018/03/12-23:29:37.083576 7f912b0bba00         Options.allow_concurrent_memtable_write: 1
2018/03/12-23:29:37.083577 7f912b0bba00      Options.enable_write_thread_adaptive_yield: 1
2018/03/12-23:29:37.083578 7f912b0bba00             Options.write_thread_max_yield_usec: 100
2018/03/12-23:29:37.083579 7f912b0bba00            Options.write_thread_slow_yield_usec: 3
2018/03/12-23:29:37.083580 7f912b0bba00                               Options.row_cache: None
2018/03/12-23:29:37.083582 7f912b0bba00                              Options.wal_filter: None
2018/03/12-23:29:37.083583 7f912b0bba00             Options.avoid_flush_during_recovery: 0
2018/03/12-23:29:37.083584 7f912b0bba00             Options.allow_ingest_behind: 0
2018/03/12-23:29:37.083585 7f912b0bba00             Options.preserve_deletes: 0
2018/03/12-23:29:37.083586 7f912b0bba00             Options.two_write_queues: 0
2018/03/12-23:29:37.083587 7f912b0bba00             Options.manual_wal_flush: 0
2018/03/12-23:29:37.083589 7f912b0bba00             Options.max_background_jobs: 16
2018/03/12-23:29:37.083590 7f912b0bba00             Options.max_background_compactions: -1
2018/03/12-23:29:37.083591 7f912b0bba00             Options.avoid_flush_during_shutdown: 0
2018/03/12-23:29:37.083592 7f912b0bba00           Options.writable_file_max_buffer_size: 1048576
2018/03/12-23:29:37.083593 7f912b0bba00             Options.delayed_write_rate : 16777216
2018/03/12-23:29:37.083594 7f912b0bba00             Options.max_total_wal_size: 0
2018/03/12-23:29:37.083595 7f912b0bba00             Options.delete_obsolete_files_period_micros: 21600000000
2018/03/12-23:29:37.083597 7f912b0bba00                   Options.stats_dump_period_sec: 600
2018/03/12-23:29:37.083598 7f912b0bba00                          Options.max_open_files: -1
2018/03/12-23:29:37.083599 7f912b0bba00                          Options.bytes_per_sync: 0
2018/03/12-23:29:37.083600 7f912b0bba00                      Options.wal_bytes_per_sync: 0
2018/03/12-23:29:37.083601 7f912b0bba00       Options.compaction_readahead_size: 0
2018/03/12-23:29:37.083602 7f912b0bba00 Compression algorithms supported:
2018/03/12-23:29:37.083604 7f912b0bba00 	kZSTDNotFinalCompression supported: 0
2018/03/12-23:29:37.083605 7f912b0bba00 	kZSTD supported: 0
2018/03/12-23:29:37.083606 7f912b0bba00 	kXpressCompression supported: 0
2018/03/12-23:29:37.083608 7f912b0bba00 	kLZ4HCCompression supported: 0
2018/03/12-23:29:37.083609 7f912b0bba00 	kLZ4Compression supported: 0
2018/03/12-23:29:37.083610 7f912b0bba00 	kBZip2Compression supported: 0
2018/03/12-23:29:37.083611 7f912b0bba00 	kZlibCompression supported: 0
2018/03/12-23:29:37.083612 7f912b0bba00 	kSnappyCompression supported: 0
2018/03/12-23:29:37.083616 7f912b0bba00 Fast CRC32 supported: Supported on x86
2018/03/12-23:29:37.083761 7f912b0bba00 [/home/gimpei/rocksdb/db/version_set.cc:2970] Recovering from manifest file: MANIFEST-000014
2018/03/12-23:29:37.083811 7f912b0bba00 [/home/gimpei/rocksdb/db/column_family.cc:433] --------------- Options for column family [default]:
2018/03/12-23:29:37.083814 7f912b0bba00               Options.comparator: leveldb.BytewiseComparator
2018/03/12-23:29:37.083815 7f912b0bba00           Options.merge_operator: None
2018/03/12-23:29:37.083817 7f912b0bba00        Options.compaction_filter: None
2018/03/12-23:29:37.083818 7f912b0bba00        Options.compaction_filter_factory: None
2018/03/12-23:29:37.083819 7f912b0bba00         Options.memtable_factory: SkipListFactory
2018/03/12-23:29:37.083820 7f912b0bba00            Options.table_factory: BlockBasedTable
2018/03/12-23:29:37.083841 7f912b0bba00            table_factory options:   flush_block_policy_factory: FlushBlockBySizePolicyFactory (0x55ea22c83a90)
  cache_index_and_filter_blocks: 0
  cache_index_and_filter_blocks_with_high_priority: 0
  pin_l0_filter_and_index_blocks_in_cache: 0
  index_type: 0
  hash_index_allow_collision: 1
  checksum: 1
  no_block_cache: 0
  block_cache: 0x55ea22c7c8c0
  block_cache_name: LRUCache
  block_cache_options:
    capacity : 8388608
    num_shard_bits : 4
    strict_capacity_limit : 0
    high_pri_pool_ratio: 0.000
  block_cache_compressed: (nil)
  persistent_cache: (nil)
  block_size: 4096
  block_size_deviation: 10
  block_restart_interval: 16
  index_block_restart_interval: 1
  metadata_block_size: 4096
  partition_filters: 0
  use_delta_encoding: 1
  filter_policy: nullptr
  whole_key_filtering: 1
  verify_compression: 0
  read_amp_bytes_per_bit: 0
  format_version: 2
  enable_index_compression: 1
2018/03/12-23:29:37.083859 7f912b0bba00        Options.write_buffer_size: 67108864
2018/03/12-23:29:37.083860 7f912b0bba00  Options.max_write_buffer_number: 2
2018/03/12-23:29:37.083862 7f912b0bba00          Options.compression: NoCompression
2018/03/12-23:29:37.083863 7f912b0bba00                  Options.bottommost_compression: Disabled
2018/03/12-23:29:37.083864 7f912b0bba00       Options.prefix_extractor: nullptr
2018/03/12-23:29:37.083865 7f912b0bba00   Options.memtable_insert_with_hint_prefix_extractor: nullptr
2018/03/12-23:29:37.083866 7f912b0bba00             Options.num_levels: 7
2018/03/12-23:29:37.083868 7f912b0bba00        Options.min_write_buffer_number_to_merge: 1
2018/03/12-23:29:37.083869 7f912b0bba00     Options.max_write_buffer_number_to_maintain: 0
2018/03/12-23:29:37.083870 7f912b0bba00            Options.compression_opts.window_bits: -14
2018/03/12-23:29:37.083871 7f912b0bba00                  Options.compression_opts.level: -1
2018/03/12-23:29:37.083872 7f912b0bba00               Options.compression_opts.strategy: 0
2018/03/12-23:29:37.083873 7f912b0bba00         Options.compression_opts.max_dict_bytes: 0
2018/03/12-23:29:37.083874 7f912b0bba00      Options.level0_file_num_compaction_trigger: 4
2018/03/12-23:29:37.083875 7f912b0bba00          Options.level0_slowdown_writes_trigger: 20
2018/03/12-23:29:37.083876 7f912b0bba00              Options.level0_stop_writes_trigger: 36
2018/03/12-23:29:37.083878 7f912b0bba00                   Options.target_file_size_base: 67108864
2018/03/12-23:29:37.083879 7f912b0bba00             Options.target_file_size_multiplier: 1
2018/03/12-23:29:37.083880 7f912b0bba00                Options.max_bytes_for_level_base: 268435456
2018/03/12-23:29:37.083881 7f912b0bba00 Options.level_compaction_dynamic_level_bytes: 0
2018/03/12-23:29:37.083882 7f912b0bba00          Options.max_bytes_for_level_multiplier: 10.000000
2018/03/12-23:29:37.083885 7f912b0bba00 Options.max_bytes_for_level_multiplier_addtl[0]: 1
2018/03/12-23:29:37.083886 7f912b0bba00 Options.max_bytes_for_level_multiplier_addtl[1]: 1
2018/03/12-23:29:37.083887 7f912b0bba00 Options.max_bytes_for_level_multiplier_addtl[2]: 1
2018/03/12-23:29:37.083888 7f912b0bba00 Options.max_bytes_for_level_multiplier_addtl[3]: 1
2018/03/12-23:29:37.083890 7f912b0bba00 Options.max_bytes_for_level_multiplier_addtl[4]: 1
2018/03/12-23:29:37.083891 7f912b0bba00 Options.max_bytes_for_level_multiplier_addtl[5]: 1
2018/03/12-23:29:37.083892 7f912b0bba00 Options.max_bytes_for_level_multiplier_addtl[6]: 1
2018/03/12-23:29:37.083893 7f912b0bba00       Options.max_sequential_skip_in_iterations: 8
2018/03/12-23:29:37.083894 7f912b0bba00                    Options.max_compaction_bytes: 1677721600
2018/03/12-23:29:37.083895 7f912b0bba00                        Options.arena_block_size: 8388608
2018/03/12-23:29:37.083896 7f912b0bba00   Options.soft_pending_compaction_bytes_limit: 68719476736
2018/03/12-23:29:37.083898 7f912b0bba00   Options.hard_pending_compaction_bytes_limit: 274877906944
2018/03/12-23:29:37.083899 7f912b0bba00       Options.rate_limit_delay_max_milliseconds: 100
2018/03/12-23:29:37.083900 7f912b0bba00                Options.disable_auto_compactions: 0
2018/03/12-23:29:37.083902 7f912b0bba00                        Options.compaction_style: kCompactionStyleLevel
2018/03/12-23:29:37.083904 7f912b0bba00                          Options.compaction_pri: kByCompensatedSize
2018/03/12-23:29:37.083909 7f912b0bba00 Options.compaction_options_universal.size_ratio: 1
2018/03/12-23:29:37.083910 7f912b0bba00 Options.compaction_options_universal.min_merge_width: 2
2018/03/12-23:29:37.083911 7f912b0bba00 Options.compaction_options_universal.max_merge_width: 4294967295
2018/03/12-23:29:37.083912 7f912b0bba00 Options.compaction_options_universal.max_size_amplification_percent: 200
2018/03/12-23:29:37.083914 7f912b0bba00 Options.compaction_options_universal.compression_size_percent: -1
2018/03/12-23:29:37.083915 7f912b0bba00 Options.compaction_options_universal.stop_style: kCompactionStopStyleTotalSize
2018/03/12-23:29:37.083916 7f912b0bba00 Options.compaction_options_fifo.max_table_files_size: 1073741824
2018/03/12-23:29:37.083918 7f912b0bba00 Options.compaction_options_fifo.allow_compaction: 0
2018/03/12-23:29:37.083919 7f912b0bba00 Options.compaction_options_fifo.ttl: 0
2018/03/12-23:29:37.083920 7f912b0bba00                   Options.table_properties_collectors: 
2018/03/12-23:29:37.083921 7f912b0bba00                   Options.inplace_update_support: 0
2018/03/12-23:29:37.083922 7f912b0bba00                 Options.inplace_update_num_locks: 10000
2018/03/12-23:29:37.083923 7f912b0bba00               Options.memtable_prefix_bloom_size_ratio: 0.000000
2018/03/12-23:29:37.083925 7f912b0bba00   Options.memtable_huge_page_size: 0
2018/03/12-23:29:37.083926 7f912b0bba00                           Options.bloom_locality: 0
2018/03/12-23:29:37.083927 7f912b0bba00                    Options.max_successive_merges: 0
2018/03/12-23:29:37.083928 7f912b0bba00                Options.optimize_filters_for_hits: 0
2018/03/12-23:29:37.083929 7f912b0bba00                Options.paranoid_file_checks: 0
2018/03/12-23:29:37.083931 7f912b0bba00                Options.force_consistency_checks: 0
2018/03/12-23:29:37.083932 7f912b0bba00                Options.report_bg_io_stats: 0
2018/03/12-23:29:37.085025 7f912b0bba00 [/home/gimpei/rocksdb/db/version_set.cc:3236] Recovered from manifest file:test.rdb/MANIFEST-000014 succeeded,manifest_file_number is 14, next_file_number is 19, last_sequence is 5, log_number is 0,prev_log_number is 0,max_column_family is 0
2018/03/12-23:29:37.085038 7f912b0bba00 [/home/gimpei/rocksdb/db/version_set.cc:3244] Column family [default] (ID 0), log number is 13
2018/03/12-23:29:37.085200 7f912b0bba00 EVENT_LOG_v1 {"time_micros": 1520864977085187, "job": 1, "event": "recovery_started", "log_files": [15]}
2018/03/12-23:29:37.085213 7f912b0bba00 [/home/gimpei/rocksdb/db/db_impl_open.cc:541] Recovering log #15 mode 2
2018/03/12-23:29:37.085352 7f912b0bba00 [DEBUG] [/home/gimpei/rocksdb/db/db_impl_open.cc:909] [default] [WriteLevel0TableForRecovery] Level-0 table #19: started
2018/03/12-23:29:37.087912 7f912b0bba00 EVENT_LOG_v1 {"time_micros": 1520864977087894, "cf_name": "default", "job": 1, "event": "table_file_creation", "file_number": 19, "file_size": 959, "table_properties": {"data_size": 28, "index_size": 27, "filter_size": 0, "raw_key_size": 12, "raw_average_key_size": 12, "raw_value_size": 0, "raw_average_value_size": 0, "num_data_blocks": 1, "num_entries": 1, "filter_policy_name": "", "kDeletedKeys": "1", "kMergeOperands": "0"}}
2018/03/12-23:29:37.087957 7f912b0bba00 [DEBUG] [/home/gimpei/rocksdb/db/db_impl_open.cc:949] [default] [WriteLevel0TableForRecovery] Level-0 table #19: 959 bytes OK
2018/03/12-23:29:37.088020 7f912b0bba00 [/home/gimpei/rocksdb/db/version_set.cc:2745] Creating manifest 20
2018/03/12-23:29:37.090594 7f912b0bba00 EVENT_LOG_v1 {"time_micros": 1520864977090588, "job": 1, "event": "recovery_finished"}
2018/03/12-23:29:37.090935 7f912b0bba00 [DEBUG] [/home/gimpei/rocksdb/db/db_impl_files.cc:325] [JOB 2] Delete test.rdb//MANIFEST-000014 type=3 #14 -- OK
2018/03/12-23:29:37.090986 7f912b0bba00 [DEBUG] [/home/gimpei/rocksdb/db/db_impl_files.cc:325] [JOB 2] Delete test.rdb//000015.log type=0 #15 -- OK
2018/03/12-23:29:37.097056 7f912b0bba00 [/home/gimpei/rocksdb/db/db_impl_open.cc:1188] DB pointer 0x55ea22c8adc0
