2018/03/12-23:29:31.213964 7fbde7f18a00 RocksDB version: 5.10.0
2018/03/12-23:29:31.214025 7fbde7f18a00 Git sha rocksdb_build_git_sha:@f6156fb558441387b398b00f8244a50e92e875ef@
2018/03/12-23:29:31.214028 7fbde7f18a00 Compile date Mar 12 2018
2018/03/12-23:29:31.214031 7fbde7f18a00 DB SUMMARY
2018/03/12-23:29:31.214075 7fbde7f18a00 CURRENT file:  CURRENT
2018/03/12-23:29:31.214078 7fbde7f18a00 IDENTITY file:  IDENTITY
2018/03/12-23:29:31.214082 7fbde7f18a00 MANIFEST file:  MANIFEST-000011 size: 158 Bytes
2018/03/12-23:29:31.214084 7fbde7f18a00 SST files in test.rdb dir, Total Num: 3, files: 000004.sst 000007.sst 000010.sst 
2018/03/12-23:29:31.214086 7fbde7f18a00 Write Ahead Log file in test.rdb: 000012.log size: 31 ; 
2018/03/12-23:29:31.214088 7fbde7f18a00                         Options.error_if_exists: 0
2018/03/12-23:29:31.214090 7fbde7f18a00                       Options.create_if_missing: 1
2018/03/12-23:29:31.214091 7fbde7f18a00                         Options.paranoid_checks: 1
2018/03/12-23:29:31.214092 7fbde7f18a00                                     Options.env: 0x7fbde7d0dd20
2018/03/12-23:29:31.214093 7fbde7f18a00                                Options.info_log: 0x562ea693bd80
2018/03/12-23:29:31.214095 7fbde7f18a00                Options.max_file_opening_threads: 16
2018/03/12-23:29:31.214096 7fbde7f18a00                              Options.statistics: (nil)
2018/03/12-23:29:31.214097 7fbde7f18a00                               Options.use_fsync: 0
2018/03/12-23:29:31.214098 7fbde7f18a00                       Options.max_log_file_size: 0
2018/03/12-23:29:31.214099 7fbde7f18a00                  Options.max_manifest_file_size: 18446744073709551615
2018/03/12-23:29:31.214101 7fbde7f18a00                   Options.log_file_time_to_roll: 0
2018/03/12-23:29:31.214102 7fbde7f18a00                       Options.keep_log_file_num: 1000
2018/03/12-23:29:31.214103 7fbde7f18a00                    Options.recycle_log_file_num: 0
2018/03/12-23:29:31.214104 7fbde7f18a00                         Options.allow_fallocate: 1
2018/03/12-23:29:31.214105 7fbde7f18a00                        Options.allow_mmap_reads: 0
2018/03/12-23:29:31.214107 7fbde7f18a00                       Options.allow_mmap_writes: 0
2018/03/12-23:29:31.214108 7fbde7f18a00                        Options.use_direct_reads: 0
2018/03/12-23:29:31.214109 7fbde7f18a00                        Options.use_direct_io_for_flush_and_compaction: 0
2018/03/12-23:29:31.214110 7fbde7f18a00          Options.create_missing_column_families: 0
2018/03/12-23:29:31.214111 7fbde7f18a00                              Options.db_log_dir: 
2018/03/12-23:29:31.214112 7fbde7f18a00                                 Options.wal_dir: test.rdb
2018/03/12-23:29:31.214113 7fbde7f18a00                Options.table_cache_numshardbits: 6
2018/03/12-23:29:31.214114 7fbde7f18a00                      Options.max_subcompactions: 1
2018/03/12-23:29:31.214115 7fbde7f18a00                  Options.max_background_flushes: -1
2018/03/12-23:29:31.214117 7fbde7f18a00                         Options.WAL_ttl_seconds: 0
2018/03/12-23:29:31.214118 7fbde7f18a00                       Options.WAL_size_limit_MB: 0
2018/03/12-23:29:31.214119 7fbde7f18a00             Options.manifest_preallocation_size: 4194304
2018/03/12-23:29:31.214120 7fbde7f18a00                     Options.is_fd_close_on_exec: 1
2018/03/12-23:29:31.214121 7fbde7f18a00                   Options.advise_random_on_open: 1
2018/03/12-23:29:31.214122 7fbde7f18a00                    Options.db_write_buffer_size: 0
2018/03/12-23:29:31.214123 7fbde7f18a00                    Options.write_buffer_manager: 0x562ea6921440
2018/03/12-23:29:31.214124 7fbde7f18a00         Options.access_hint_on_compaction_start: 1
2018/03/12-23:29:31.214125 7fbde7f18a00  Options.new_table_reader_for_compaction_inputs: 0
2018/03/12-23:29:31.214126 7fbde7f18a00           Options.random_access_max_buffer_size: 1048576
2018/03/12-23:29:31.214127 7fbde7f18a00                      Options.use_adaptive_mutex: 0
2018/03/12-23:29:31.214129 7fbde7f18a00                            Options.rate_limiter: (nil)
2018/03/12-23:29:31.214130 7fbde7f18a00     Options.sst_file_manager.rate_bytes_per_sec: 0
2018/03/12-23:29:31.214139 7fbde7f18a00                       Options.wal_recovery_mode: 2
2018/03/12-23:29:31.214140 7fbde7f18a00                  Options.enable_thread_tracking: 0
2018/03/12-23:29:31.214141 7fbde7f18a00                  Options.enable_pipelined_write: 0
2018/03/12-23:29:31.214142 7fbde7f18a00         Options.allow_concurrent_memtable_write: 1
2018/03/12-23:29:31.214143 7fbde7f18a00      Options.enable_write_thread_adaptive_yield: 1
2018/03/12-23:29:31.214144 7fbde7f18a00             Options.write_thread_max_yield_usec: 100
2018/03/12-23:29:31.214146 7fbde7f18a00            Options.write_thread_slow_yield_usec: 3
2018/03/12-23:29:31.214147 7fbde7f18a00                               Options.row_cache: None
2018/03/12-23:29:31.214148 7fbde7f18a00                              Options.wal_filter: None
2018/03/12-23:29:31.214149 7fbde7f18a00             Options.avoid_flush_during_recovery: 0
2018/03/12-23:29:31.214150 7fbde7f18a00             Options.allow_ingest_behind: 0
2018/03/12-23:29:31.214151 7fbde7f18a00             Options.preserve_deletes: 0
2018/03/12-23:29:31.214152 7fbde7f18a00             Options.two_write_queues: 0
2018/03/12-23:29:31.214153 7fbde7f18a00             Options.manual_wal_flush: 0
2018/03/12-23:29:31.214155 7fbde7f18a00             Options.max_background_jobs: 16
2018/03/12-23:29:31.214156 7fbde7f18a00             Options.max_background_compactions: -1
2018/03/12-23:29:31.214157 7fbde7f18a00             Options.avoid_flush_during_shutdown: 0
2018/03/12-23:29:31.214158 7fbde7f18a00           Options.writable_file_max_buffer_size: 1048576
2018/03/12-23:29:31.214159 7fbde7f18a00             Options.delayed_write_rate : 16777216
2018/03/12-23:29:31.214160 7fbde7f18a00             Options.max_total_wal_size: 0
2018/03/12-23:29:31.214162 7fbde7f18a00             Options.delete_obsolete_files_period_micros: 21600000000
2018/03/12-23:29:31.214163 7fbde7f18a00                   Options.stats_dump_period_sec: 600
2018/03/12-23:29:31.214164 7fbde7f18a00                          Options.max_open_files: -1
2018/03/12-23:29:31.214165 7fbde7f18a00                          Options.bytes_per_sync: 0
2018/03/12-23:29:31.214166 7fbde7f18a00                      Options.wal_bytes_per_sync: 0
2018/03/12-23:29:31.214167 7fbde7f18a00       Options.compaction_readahead_size: 0
2018/03/12-23:29:31.214168 7fbde7f18a00 Compression algorithms supported:
2018/03/12-23:29:31.214170 7fbde7f18a00 	kZSTDNotFinalCompression supported: 0
2018/03/12-23:29:31.214171 7fbde7f18a00 	kZSTD supported: 0
2018/03/12-23:29:31.214172 7fbde7f18a00 	kXpressCompression supported: 0
2018/03/12-23:29:31.214174 7fbde7f18a00 	kLZ4HCCompression supported: 0
2018/03/12-23:29:31.214175 7fbde7f18a00 	kLZ4Compression supported: 0
2018/03/12-23:29:31.214176 7fbde7f18a00 	kBZip2Compression supported: 0
2018/03/12-23:29:31.214177 7fbde7f18a00 	kZlibCompression supported: 0
2018/03/12-23:29:31.214178 7fbde7f18a00 	kSnappyCompression supported: 0
2018/03/12-23:29:31.214181 7fbde7f18a00 Fast CRC32 supported: Supported on x86
2018/03/12-23:29:31.214324 7fbde7f18a00 [/home/gimpei/rocksdb/db/version_set.cc:2970] Recovering from manifest file: MANIFEST-000011
2018/03/12-23:29:31.214375 7fbde7f18a00 [/home/gimpei/rocksdb/db/column_family.cc:433] --------------- Options for column family [default]:
2018/03/12-23:29:31.214377 7fbde7f18a00               Options.comparator: leveldb.BytewiseComparator
2018/03/12-23:29:31.214379 7fbde7f18a00           Options.merge_operator: None
2018/03/12-23:29:31.214380 7fbde7f18a00        Options.compaction_filter: None
2018/03/12-23:29:31.214381 7fbde7f18a00        Options.compaction_filter_factory: None
2018/03/12-23:29:31.214382 7fbde7f18a00         Options.memtable_factory: SkipListFactory
2018/03/12-23:29:31.214383 7fbde7f18a00            Options.table_factory: BlockBasedTable
2018/03/12-23:29:31.214407 7fbde7f18a00            table_factory options:   flush_block_policy_factory: FlushBlockBySizePolicyFactory (0x562ea6933a90)
  cache_index_and_filter_blocks: 0
  cache_index_and_filter_blocks_with_high_priority: 0
  pin_l0_filter_and_index_blocks_in_cache: 0
  index_type: 0
  hash_index_allow_collision: 1
  checksum: 1
  no_block_cache: 0
  block_cache: 0x562ea692c8c0
  block_cache_name: LRUCache
  block_cache_options:
    capacity : 8388608
    num_shard_bits : 4
    strict_capacity_limit : 0
    high_pri_pool_ratio: 0.000
  block_cache_compressed: (nil)
  persistent_cache: (nil)
  block_size: 4096
  block_size_deviation: 10
  block_restart_interval: 16
  index_block_restart_interval: 1
  metadata_block_size: 4096
  partition_filters: 0
  use_delta_encoding: 1
  filter_policy: nullptr
  whole_key_filtering: 1
  verify_compression: 0
  read_amp_bytes_per_bit: 0
  format_version: 2
  enable_index_compression: 1
2018/03/12-23:29:31.214418 7fbde7f18a00        Options.write_buffer_size: 67108864
2018/03/12-23:29:31.214419 7fbde7f18a00  Options.max_write_buffer_number: 2
2018/03/12-23:29:31.214421 7fbde7f18a00          Options.compression: NoCompression
2018/03/12-23:29:31.214422 7fbde7f18a00                  Options.bottommost_compression: Disabled
2018/03/12-23:29:31.214423 7fbde7f18a00       Options.prefix_extractor: nullptr
2018/03/12-23:29:31.214424 7fbde7f18a00   Options.memtable_insert_with_hint_prefix_extractor: nullptr
2018/03/12-23:29:31.214426 7fbde7f18a00             Options.num_levels: 7
2018/03/12-23:29:31.214427 7fbde7f18a00        Options.min_write_buffer_number_to_merge: 1
2018/03/12-23:29:31.214428 7fbde7f18a00     Options.max_write_buffer_number_to_maintain: 0
2018/03/12-23:29:31.214429 7fbde7f18a00            Options.compression_opts.window_bits: -14
2018/03/12-23:29:31.214430 7fbde7f18a00                  Options.compression_opts.level: -1
2018/03/12-23:29:31.214431 7fbde7f18a00               Options.compression_opts.strategy: 0
2018/03/12-23:29:31.214432 7fbde7f18a00         Options.compression_opts.max_dict_bytes: 0
2018/03/12-23:29:31.214433 7fbde7f18a00      Options.level0_file_num_compaction_trigger: 4
2018/03/12-23:29:31.214434 7fbde7f18a00          Options.level0_slowdown_writes_trigger: 20
2018/03/12-23:29:31.214435 7fbde7f18a00              Options.level0_stop_writes_trigger: 36
2018/03/12-23:29:31.214436 7fbde7f18a00                   Options.target_file_size_base: 67108864
2018/03/12-23:29:31.214438 7fbde7f18a00             Options.target_file_size_multiplier: 1
2018/03/12-23:29:31.214439 7fbde7f18a00                Options.max_bytes_for_level_base: 268435456
2018/03/12-23:29:31.214440 7fbde7f18a00 Options.level_compaction_dynamic_level_bytes: 0
2018/03/12-23:29:31.214441 7fbde7f18a00          Options.max_bytes_for_level_multiplier: 10.000000
2018/03/12-23:29:31.214443 7fbde7f18a00 Options.max_bytes_for_level_multiplier_addtl[0]: 1
2018/03/12-23:29:31.214444 7fbde7f18a00 Options.max_bytes_for_level_multiplier_addtl[1]: 1
2018/03/12-23:29:31.214446 7fbde7f18a00 Options.max_bytes_for_level_multiplier_addtl[2]: 1
2018/03/12-23:29:31.214447 7fbde7f18a00 Options.max_bytes_for_level_multiplier_addtl[3]: 1
2018/03/12-23:29:31.214448 7fbde7f18a00 Options.max_bytes_for_level_multiplier_addtl[4]: 1
2018/03/12-23:29:31.214449 7fbde7f18a00 Options.max_bytes_for_level_multiplier_addtl[5]: 1
2018/03/12-23:29:31.214450 7fbde7f18a00 Options.max_bytes_for_level_multiplier_addtl[6]: 1
2018/03/12-23:29:31.214451 7fbde7f18a00       Options.max_sequential_skip_in_iterations: 8
2018/03/12-23:29:31.214452 7fbde7f18a00                    Options.max_compaction_bytes: 1677721600
2018/03/12-23:29:31.214453 7fbde7f18a00                        Options.arena_block_size: 8388608
2018/03/12-23:29:31.214455 7fbde7f18a00   Options.soft_pending_compaction_bytes_limit: 68719476736
2018/03/12-23:29:31.214456 7fbde7f18a00   Options.hard_pending_compaction_bytes_limit: 274877906944
2018/03/12-23:29:31.214457 7fbde7f18a00       Options.rate_limit_delay_max_milliseconds: 100
2018/03/12-23:29:31.214458 7fbde7f18a00                Options.disable_auto_compactions: 0
2018/03/12-23:29:31.214459 7fbde7f18a00                        Options.compaction_style: kCompactionStyleLevel
2018/03/12-23:29:31.214461 7fbde7f18a00                          Options.compaction_pri: kByCompensatedSize
2018/03/12-23:29:31.214466 7fbde7f18a00 Options.compaction_options_universal.size_ratio: 1
2018/03/12-23:29:31.214468 7fbde7f18a00 Options.compaction_options_universal.min_merge_width: 2
2018/03/12-23:29:31.214469 7fbde7f18a00 Options.compaction_options_universal.max_merge_width: 4294967295
2018/03/12-23:29:31.214470 7fbde7f18a00 Options.compaction_options_universal.max_size_amplification_percent: 200
2018/03/12-23:29:31.214471 7fbde7f18a00 Options.compaction_options_universal.compression_size_percent: -1
2018/03/12-23:29:31.214473 7fbde7f18a00 Options.compaction_options_universal.stop_style: kCompactionStopStyleTotalSize
2018/03/12-23:29:31.214474 7fbde7f18a00 Options.compaction_options_fifo.max_table_files_size: 1073741824
2018/03/12-23:29:31.214475 7fbde7f18a00 Options.compaction_options_fifo.allow_compaction: 0
2018/03/12-23:29:31.214476 7fbde7f18a00 Options.compaction_options_fifo.ttl: 0
2018/03/12-23:29:31.214477 7fbde7f18a00                   Options.table_properties_collectors: 
2018/03/12-23:29:31.214478 7fbde7f18a00                   Options.inplace_update_support: 0
2018/03/12-23:29:31.214479 7fbde7f18a00                 Options.inplace_update_num_locks: 10000
2018/03/12-23:29:31.214480 7fbde7f18a00               Options.memtable_prefix_bloom_size_ratio: 0.000000
2018/03/12-23:29:31.214482 7fbde7f18a00   Options.memtable_huge_page_size: 0
2018/03/12-23:29:31.214483 7fbde7f18a00                           Options.bloom_locality: 0
2018/03/12-23:29:31.214484 7fbde7f18a00                    Options.max_successive_merges: 0
2018/03/12-23:29:31.214485 7fbde7f18a00                Options.optimize_filters_for_hits: 0
2018/03/12-23:29:31.214486 7fbde7f18a00                Options.paranoid_file_checks: 0
2018/03/12-23:29:31.214487 7fbde7f18a00                Options.force_consistency_checks: 0
2018/03/12-23:29:31.214488 7fbde7f18a00                Options.report_bg_io_stats: 0
2018/03/12-23:29:31.215331 7fbde7f18a00 [/home/gimpei/rocksdb/db/version_set.cc:3236] Recovered from manifest file:test.rdb/MANIFEST-000011 succeeded,manifest_file_number is 11, next_file_number is 13, last_sequence is 3, log_number is 0,prev_log_number is 0,max_column_family is 0
2018/03/12-23:29:31.215336 7fbde7f18a00 [/home/gimpei/rocksdb/db/version_set.cc:3244] Column family [default] (ID 0), log number is 10
2018/03/12-23:29:31.215413 7fbde7f18a00 EVENT_LOG_v1 {"time_micros": 1520864971215406, "job": 1, "event": "recovery_started", "log_files": [12]}
2018/03/12-23:29:31.215420 7fbde7f18a00 [/home/gimpei/rocksdb/db/db_impl_open.cc:541] Recovering log #12 mode 2
2018/03/12-23:29:31.215485 7fbde7f18a00 [DEBUG] [/home/gimpei/rocksdb/db/db_impl_open.cc:909] [default] [WriteLevel0TableForRecovery] Level-0 table #13: started
2018/03/12-23:29:31.216893 7fbde7f18a00 EVENT_LOG_v1 {"time_micros": 1520864971216885, "cf_name": "default", "job": 1, "event": "table_file_creation", "file_number": 13, "file_size": 964, "table_properties": {"data_size": 33, "index_size": 27, "filter_size": 0, "raw_key_size": 12, "raw_average_key_size": 12, "raw_value_size": 5, "raw_average_value_size": 5, "num_data_blocks": 1, "num_entries": 1, "filter_policy_name": "", "kDeletedKeys": "0", "kMergeOperands": "0"}}
2018/03/12-23:29:31.216906 7fbde7f18a00 [DEBUG] [/home/gimpei/rocksdb/db/db_impl_open.cc:949] [default] [WriteLevel0TableForRecovery] Level-0 table #13: 964 bytes OK
2018/03/12-23:29:31.216930 7fbde7f18a00 [/home/gimpei/rocksdb/db/version_set.cc:2745] Creating manifest 14
2018/03/12-23:29:31.221268 7fbde7f18a00 EVENT_LOG_v1 {"time_micros": 1520864971221263, "job": 1, "event": "recovery_finished"}
2018/03/12-23:29:31.221505 7fbde7f18a00 [DEBUG] [/home/gimpei/rocksdb/db/db_impl_files.cc:325] [JOB 2] Delete test.rdb//MANIFEST-000011 type=3 #11 -- OK
2018/03/12-23:29:31.221532 7fbde7f18a00 [DEBUG] [/home/gimpei/rocksdb/db/db_impl_files.cc:325] [JOB 2] Delete test.rdb//000012.log type=0 #12 -- OK
2018/03/12-23:29:31.227564 7fbde7f18a00 [/home/gimpei/rocksdb/db/db_impl_open.cc:1188] DB pointer 0x562ea693adc0
2018/03/12-23:29:31.227859 7fbde6582700 [WARN] [/home/gimpei/rocksdb/db/db_impl.cc:488] ------- DUMPING STATS -------
2018/03/12-23:29:31.227910 7fbde6582700 [WARN] [/home/gimpei/rocksdb/db/db_impl.cc:489] 
** DB Stats **
Uptime(secs): 0.0 total, 0.0 interval
Cumulative writes: 0 writes, 0 keys, 0 commit groups, 0.0 writes per commit group, ingest: 0.00 GB, 0.00 MB/s
Cumulative WAL: 0 writes, 0 syncs, 0.00 writes per sync, written: 0.00 GB, 0.00 MB/s
Cumulative stall: 00:00:0.000 H:M:S, 0.0 percent
Interval writes: 0 writes, 0 keys, 0 commit groups, 0.0 writes per commit group, ingest: 0.00 MB, 0.00 MB/s
Interval WAL: 0 writes, 0 syncs, 0.00 writes per sync, written: 0.00 MB, 0.00 MB/s
Interval stall: 00:00:0.000 H:M:S, 0.0 percent

** Compaction Stats [default] **
Level    Files   Size     Score Read(GB)  Rn(GB) Rnp1(GB) Write(GB) Wnew(GB) Moved(GB) W-Amp Rd(MB/s) Wr(MB/s) Comp(sec) Comp(cnt) Avg(sec) KeyIn KeyDrop
----------------------------------------------------------------------------------------------------------------------------------------------------------
  L0      4/0    3.77 KB   1.0      0.0     0.0      0.0       0.0      0.0       0.0   1.0      0.0      0.6         0         1    0.001       0      0
 Sum      4/0    3.77 KB   0.0      0.0     0.0      0.0       0.0      0.0       0.0   1.0      0.0      0.6         0         1    0.001       0      0
 Int      0/0    0.00 KB   0.0      0.0     0.0      0.0       0.0      0.0       0.0   1.0      0.0      0.6         0         1    0.001       0      0
Uptime(secs): 0.0 total, 0.0 interval
Flush(GB): cumulative 0.000, interval 0.000
AddFile(GB): cumulative 0.000, interval 0.000
AddFile(Total Files): cumulative 0, interval 0
AddFile(L0 Files): cumulative 0, interval 0
AddFile(Keys): cumulative 0, interval 0
Cumulative compaction: 0.00 GB write, 0.07 MB/s write, 0.00 GB read, 0.00 MB/s read, 0.0 seconds
Interval compaction: 0.00 GB write, 0.07 MB/s write, 0.00 GB read, 0.00 MB/s read, 0.0 seconds
Stalls(count): 0 level0_slowdown, 0 level0_slowdown_with_compaction, 0 level0_numfiles, 0 level0_numfiles_with_compaction, 0 stop for pending_compaction_bytes, 0 slowdown for pending_compaction_bytes, 0 memtable_compaction, 0 memtable_slowdown, interval 0 total count

** File Read Latency Histogram By Level [default] **

** Compaction Stats [default] **
Level    Files   Size     Score Read(GB)  Rn(GB) Rnp1(GB) Write(GB) Wnew(GB) Moved(GB) W-Amp Rd(MB/s) Wr(MB/s) Comp(sec) Comp(cnt) Avg(sec) KeyIn KeyDrop
----------------------------------------------------------------------------------------------------------------------------------------------------------
  L0      4/0    3.77 KB   1.0      0.0     0.0      0.0       0.0      0.0       0.0   1.0      0.0      0.6         0         1    0.001       0      0
 Sum      4/0    3.77 KB   0.0      0.0     0.0      0.0       0.0      0.0       0.0   1.0      0.0      0.6         0         1    0.001       0      0
 Int      0/0    0.00 KB   0.0      0.0     0.0      0.0       0.0      0.0       0.0   0.0      0.0      0.0         0         0    0.000       0      0
Uptime(secs): 0.0 total, 0.0 interval
Flush(GB): cumulative 0.000, interval 0.000
AddFile(GB): cumulative 0.000, interval 0.000
AddFile(Total Files): cumulative 0, interval 0
AddFile(L0 Files): cumulative 0, interval 0
AddFile(Keys): cumulative 0, interval 0
Cumulative compaction: 0.00 GB write, 0.07 MB/s write, 0.00 GB read, 0.00 MB/s read, 0.0 seconds
Interval compaction: 0.00 GB write, 0.00 MB/s write, 0.00 GB read, 0.00 MB/s read, 0.0 seconds
Stalls(count): 0 level0_slowdown, 0 level0_slowdown_with_compaction, 0 level0_numfiles, 0 level0_numfiles_with_compaction, 0 stop for pending_compaction_bytes, 0 slowdown for pending_compaction_bytes, 0 memtable_compaction, 0 memtable_slowdown, interval 0 total count

** File Read Latency Histogram By Level [default] **
2018/03/12-23:29:31.229331 7fbde6582700 (Original Log Time 2018/03/12-23:29:31.227994) [/home/gimpei/rocksdb/db/db_impl_compaction_flush.cc:1755] [default] Moving #13 to level-1 964 bytes
2018/03/12-23:29:31.229338 7fbde6582700 (Original Log Time 2018/03/12-23:29:31.227997) [/home/gimpei/rocksdb/db/db_impl_compaction_flush.cc:1755] [default] Moving #10 to level-1 964 bytes
2018/03/12-23:29:31.229342 7fbde6582700 (Original Log Time 2018/03/12-23:29:31.227999) [/home/gimpei/rocksdb/db/db_impl_compaction_flush.cc:1755] [default] Moving #7 to level-1 964 bytes
2018/03/12-23:29:31.229346 7fbde6582700 (Original Log Time 2018/03/12-23:29:31.228001) [/home/gimpei/rocksdb/db/db_impl_compaction_flush.cc:1755] [default] Moving #4 to level-1 964 bytes
2018/03/12-23:29:31.229350 7fbde6582700 (Original Log Time 2018/03/12-23:29:31.229285) EVENT_LOG_v1 {"time_micros": 1520864971229276, "job": 3, "event": "trivial_move", "destination_level": 1, "files": 4, "total_files_size": 3856}
2018/03/12-23:29:31.229355 7fbde6582700 (Original Log Time 2018/03/12-23:29:31.229299) [/home/gimpei/rocksdb/db/db_impl_compaction_flush.cc:1784] [default] Moved #4 files to level-1 3856 bytes OK: base level 1 max bytes base 268435456 files[0 4 0 0 0 0 0] max score 0.00
